95
1652
689.520091
0.0897 0.0191 0.0511 0.0421 0.0014 0.0291 0.0302 0.0715 0.0070 0.0401 0.0511 0.0330 0.0068 0.0221 0.0280 0.0736 0.1117 0.0045 0.0128 0.0902 0.1846
0.027 0.001 0.001 0.001 0.001 0.001 0.001 0.002 0.001 0.001 0.001 0.001 0.001 0.001 0.003 0.003 0.001 0.001 0.001 0.001 0.943  0.1131
0.015 0.003 0.003 0.003 0.001 0.013 0.011 0.003 0.005 0.001 0.001 0.010 0.002 0.001 0.001 0.011 0.017 0.001 0.001 0.005 0.890  0.2080
0.012 0.008 0.022 0.007 0.001 0.010 0.003 0.001 0.005 0.044 0.020 0.015 0.004 0.002 0.004 0.007 0.006 0.001 0.003 0.033 0.790  0.3432
0.027 0.002 0.008 0.008 0.001 0.010 0.004 0.016 0.006 0.013 0.008 0.009 0.006 0.001 0.001 0.136 0.028 0.001 0.003 0.017 0.694  0.4164
0.047 0.013 0.036 0.041 0.001 0.011 0.039 0.007 0.003 0.013 0.012 0.011 0.002 0.001 0.008 0.075 0.135 0.001 0.003 0.021 0.520  0.5968
0.009 0.001 0.002 0.007 0.008 0.003 0.005 0.002 0.003 0.087 0.268 0.004 0.020 0.058 0.004 0.005 0.009 0.003 0.003 0.083 0.416  0.5716
0.036 0.012 0.031 0.009 0.001 0.027 0.032 0.009 0.006 0.028 0.029 0.027 0.009 0.014 0.003 0.086 0.194 0.001 0.003 0.056 0.387  0.6951
0.149 0.007 0.005 0.006 0.004 0.008 0.005 0.011 0.001 0.057 0.052 0.008 0.017 0.003 0.018 0.055 0.051 0.001 0.001 0.170 0.370  0.6690
0.027 0.004 0.050 0.140 0.001 0.002 0.024 0.026 0.001 0.034 0.010 0.014 0.004 0.006 0.022 0.134 0.105 0.006 0.001 0.041 0.344  0.7118
0.042 0.036 0.037 0.012 0.001 0.027 0.015 0.019 0.012 0.012 0.010 0.162 0.003 0.003 0.154 0.043 0.074 0.001 0.005 0.026 0.306  0.7428
0.042 0.008 0.104 0.137 0.001 0.030 0.033 0.044 0.002 0.018 0.021 0.012 0.006 0.006 0.055 0.067 0.114 0.003 0.004 0.020 0.274  0.7807
0.026 0.033 0.117 0.044 0.004 0.058 0.054 0.054 0.008 0.017 0.020 0.025 0.005 0.007 0.034 0.112 0.098 0.025 0.016 0.014 0.228  0.8487
0.204 0.015 0.008 0.004 0.003 0.030 0.006 0.019 0.002 0.140 0.125 0.027 0.009 0.013 0.005 0.043 0.014 0.001 0.012 0.100 0.217  0.7465
0.053 0.015 0.014 0.008 0.001 0.016 0.023 0.013 0.001 0.094 0.102 0.058 0.005 0.008 0.089 0.009 0.057 0.007 0.019 0.193 0.215  0.7907
0.571 0.004 0.022 0.005 0.002 0.006 0.008 0.026 0.004 0.012 0.012 0.005 0.001 0.004 0.011 0.033 0.017 0.001 0.008 0.053 0.194  0.5160
0.028 0.007 0.254 0.336 0.001 0.009 0.008 0.064 0.003 0.003 0.006 0.011 0.001 0.004 0.023 0.038 0.014 0.001 0.003 0.009 0.175  0.6266
0.034 0.009 0.081 0.030 0.001 0.004 0.018 0.527 0.003 0.008 0.009 0.005 0.003 0.006 0.007 0.030 0.014 0.002 0.008 0.011 0.191  0.5551
0.054 0.031 0.044 0.023 0.001 0.056 0.033 0.094 0.015 0.037 0.039 0.074 0.003 0.003 0.018 0.121 0.118 0.001 0.005 0.097 0.132  0.8681
0.098 0.006 0.038 0.254 0.001 0.057 0.134 0.026 0.010 0.004 0.010 0.020 0.009 0.004 0.007 0.123 0.084 0.002 0.006 0.013 0.092  0.7718
0.111 0.023 0.012 0.018 0.003 0.069 0.068 0.035 0.009 0.023 0.033 0.073 0.008 0.014 0.073 0.107 0.184 0.002 0.015 0.046 0.074  0.8673
0.152 0.006 0.144 0.019 0.006 0.018 0.009 0.025 0.030 0.110 0.022 0.009 0.009 0.047 0.004 0.115 0.054 0.002 0.043 0.134 0.041  0.8372
0.045 0.048 0.020 0.021 0.006 0.063 0.077 0.006 0.011 0.044 0.044 0.026 0.010 0.006 0.036 0.053 0.361 0.003 0.009 0.077 0.036  0.7843
0.078 0.001 0.005 0.004 0.006 0.001 0.003 0.005 0.001 0.158 0.281 0.001 0.013 0.054 0.003 0.002 0.002 0.003 0.074 0.274 0.031  0.6328
0.029 0.046 0.024 0.016 0.001 0.060 0.044 0.003 0.010 0.034 0.023 0.072 0.007 0.009 0.001 0.082 0.434 0.001 0.019 0.057 0.027  0.7131
0.377 0.001 0.003 0.001 0.001 0.001 0.001 0.037 0.001 0.048 0.108 0.001 0.004 0.085 0.001 0.006 0.011 0.004 0.030 0.252 0.025  0.6053
0.013 0.061 0.019 0.008 0.001 0.063 0.048 0.006 0.013 0.071 0.053 0.078 0.010 0.033 0.003 0.039 0.369 0.003 0.019 0.071 0.021  0.7636
0.075 0.001 0.001 0.003 0.001 0.001 0.001 0.001 0.001 0.076 0.277 0.001 0.011 0.008 0.007 0.003 0.004 0.008 0.010 0.486 0.020  0.4971
0.017 0.127 0.018 0.028 0.001 0.041 0.021 0.001 0.011 0.021 0.095 0.195 0.037 0.012 0.001 0.017 0.228 0.001 0.017 0.088 0.020  0.7788
0.252 0.037 0.063 0.067 0.003 0.050 0.051 0.050 0.003 0.028 0.050 0.106 0.010 0.019 0.016 0.098 0.035 0.001 0.008 0.032 0.020  0.8438
0.059 0.023 0.254 0.107 0.003 0.065 0.038 0.036 0.046 0.001 0.017 0.024 0.007 0.068 0.005 0.074 0.035 0.007 0.086 0.007 0.038  0.8361
0.014 0.015 0.130 0.062 0.001 0.011 0.015 0.635 0.013 0.001 0.004 0.014 0.001 0.003 0.001 0.028 0.009 0.001 0.002 0.006 0.032  0.4798
0.049 0.020 0.485 0.016 0.001 0.063 0.039 0.015 0.021 0.022 0.028 0.076 0.008 0.006 0.007 0.032 0.052 0.001 0.001 0.037 0.020  0.6786
0.101 0.014 0.009 0.004 0.001 0.006 0.007 0.044 0.004 0.015 0.076 0.012 0.003 0.009 0.574 0.023 0.023 0.003 0.003 0.048 0.020  0.5621
0.040 0.007 0.003 0.001 0.003 0.030 0.010 0.036 0.001 0.147 0.222 0.014 0.024 0.009 0.007 0.016 0.011 0.002 0.006 0.390 0.020  0.6347
0.200 0.027 0.029 0.031 0.004 0.029 0.069 0.036 0.006 0.021 0.005 0.073 0.008 0.002 0.164 0.157 0.068 0.001 0.004 0.043 0.022  0.8075
0.014 0.006 0.219 0.099 0.001 0.016 0.020 0.501 0.018 0.011 0.001 0.016 0.001 0.003 0.004 0.034 0.006 0.002 0.004 0.009 0.015  0.5522
0.126 0.057 0.009 0.011 0.003 0.195 0.053 0.019 0.015 0.061 0.066 0.071 0.023 0.008 0.003 0.028 0.039 0.001 0.014 0.183 0.010  0.8183
0.092 0.040 0.065 0.070 0.003 0.039 0.079 0.014 0.007 0.028 0.049 0.068 0.006 0.007 0.103 0.067 0.202 0.003 0.004 0.042 0.013  0.8582
0.018 0.002 0.002 0.004 0.001 0.006 0.005 0.003 0.003 0.128 0.061 0.004 0.003 0.008 0.008 0.013 0.007 0.003 0.001 0.708 0.012  0.3885
0.052 0.058 0.122 0.056 0.001 0.044 0.067 0.020 0.017 0.035 0.038 0.035 0.007 0.010 0.004 0.114 0.235 0.006 0.020 0.044 0.013  0.8435
0.021 0.002 0.004 0.001 0.003 0.004 0.003 0.006 0.004 0.058 0.113 0.004 0.011 0.438 0.004 0.011 0.007 0.229 0.008 0.056 0.013  0.5843
0.069 0.030 0.056 0.030 0.001 0.042 0.052 0.034 0.015 0.038 0.024 0.044 0.006 0.014 0.005 0.270 0.209 0.002 0.016 0.030 0.014  0.7943
0.172 0.009 0.021 0.008 0.017 0.024 0.007 0.029 0.008 0.042 0.095 0.013 0.009 0.010 0.041 0.112 0.172 0.009 0.010 0.166 0.027  0.8086
0.047 0.013 0.089 0.188 0.001 0.015 0.039 0.032 0.007 0.020 0.028 0.018 0.007 0.006 0.056 0.171 0.199 0.001 0.003 0.032 0.028  0.7913
0.062 0.041 0.139 0.062 0.001 0.028 0.045 0.131 0.017 0.019 0.100 0.037 0.012 0.016 0.049 0.117 0.039 0.003 0.010 0.024 0.045  0.8884
0.075 0.012 0.048 0.046 0.003 0.019 0.030 0.506 0.004 0.009 0.014 0.014 0.003 0.006 0.034 0.063 0.029 0.002 0.002 0.034 0.046  0.6521
0.173 0.017 0.061 0.042 0.001 0.039 0.042 0.075 0.012 0.019 0.030 0.036 0.007 0.008 0.023 0.085 0.189 0.001 0.004 0.081 0.056  0.8438
0.061 0.007 0.010 0.034 0.003 0.009 0.017 0.041 0.002 0.091 0.317 0.024 0.011 0.045 0.031 0.036 0.074 0.001 0.003 0.110 0.072  0.7820
0.074 0.023 0.061 0.044 0.001 0.025 0.048 0.062 0.007 0.056 0.047 0.043 0.004 0.018 0.025 0.216 0.115 0.003 0.007 0.086 0.034  0.8628
0.098 0.020 0.039 0.044 0.001 0.052 0.042 0.057 0.010 0.036 0.064 0.038 0.004 0.024 0.127 0.120 0.081 0.005 0.005 0.055 0.077  0.9004
0.121 0.010 0.050 0.040 0.003 0.040 0.045 0.098 0.005 0.030 0.041 0.032 0.005 0.009 0.063 0.152 0.110 0.002 0.009 0.068 0.069  0.8726
0.061 0.018 0.037 0.041 0.003 0.076 0.054 0.048 0.010 0.040 0.019 0.036 0.010 0.012 0.022 0.198 0.219 0.003 0.005 0.050 0.038  0.8329
0.184 0.010 0.018 0.029 0.004 0.024 0.033 0.122 0.001 0.031 0.046 0.012 0.009 0.015 0.019 0.125 0.083 0.025 0.009 0.167 0.035  0.8280
0.038 0.042 0.028 0.011 0.003 0.041 0.021 0.007 0.015 0.064 0.065 0.096 0.030 0.014 0.013 0.034 0.280 0.005 0.022 0.136 0.036  0.8229
0.021 0.009 0.008 0.045 0.001 0.008 0.038 0.007 0.004 0.010 0.007 0.002 0.001 0.001 0.006 0.070 0.725 0.001 0.001 0.005 0.029  0.4059
0.019 0.008 0.247 0.465 0.001 0.015 0.027 0.081 0.016 0.008 0.006 0.015 0.001 0.001 0.004 0.021 0.025 0.001 0.004 0.008 0.024  0.5801
0.265 0.019 0.068 0.061 0.003 0.042 0.108 0.068 0.016 0.015 0.010 0.053 0.001 0.005 0.024 0.145 0.050 0.001 0.002 0.026 0.017  0.7963
0.059 0.010 0.228 0.192 0.001 0.104 0.075 0.019 0.012 0.004 0.019 0.034 0.005 0.006 0.013 0.130 0.048 0.001 0.019 0.006 0.015  0.7709
0.004 0.003 0.003 0.004 0.001 0.003 0.003 0.935 0.001 0.001 0.001 0.001 0.001 0.001 0.001 0.010 0.003 0.001 0.002 0.002 0.017  0.1349
0.021 0.076 0.033 0.008 0.001 0.114 0.093 0.008 0.013 0.107 0.047 0.128 0.012 0.018 0.008 0.035 0.089 0.008 0.020 0.151 0.008  0.8507
0.481 0.006 0.004 0.003 0.011 0.006 0.003 0.003 0.003 0.038 0.031 0.001 0.005 0.037 0.003 0.031 0.055 0.006 0.145 0.122 0.008  0.6001
0.025 0.073 0.010 0.010 0.001 0.066 0.060 0.004 0.015 0.041 0.018 0.053 0.012 0.007 0.003 0.144 0.368 0.005 0.010 0.063 0.012  0.7322
0.249 0.004 0.011 0.001 0.003 0.004 0.005 0.011 0.003 0.124 0.056 0.003 0.025 0.087 0.001 0.017 0.108 0.003 0.010 0.264 0.011  0.6840
0.031 0.049 0.049 0.043 0.006 0.046 0.054 0.013 0.010 0.023 0.021 0.051 0.006 0.021 0.022 0.102 0.376 0.003 0.014 0.045 0.013  0.7747
0.016 0.003 0.001 0.001 0.001 0.002 0.001 0.002 0.002 0.088 0.458 0.001 0.012 0.086 0.004 0.004 0.013 0.011 0.080 0.196 0.014  0.5688
0.034 0.043 0.030 0.006 0.001 0.023 0.009 0.032 0.006 0.031 0.021 0.085 0.008 0.011 0.010 0.132 0.416 0.003 0.024 0.049 0.023  0.7136
0.111 0.008 0.079 0.052 0.003 0.009 0.009 0.168 0.010 0.006 0.009 0.018 0.004 0.003 0.029 0.405 0.040 0.001 0.001 0.007 0.026  0.6631
0.061 0.041 0.055 0.056 0.002 0.026 0.032 0.044 0.010 0.018 0.045 0.043 0.009 0.008 0.034 0.109 0.338 0.003 0.006 0.037 0.022  0.7984
0.072 0.038 0.036 0.031 0.001 0.064 0.048 0.021 0.013 0.043 0.046 0.122 0.008 0.008 0.008 0.075 0.189 0.006 0.004 0.144 0.024  0.8489
0.354 0.004 0.038 0.023 0.001 0.013 0.031 0.043 0.006 0.026 0.022 0.021 0.023 0.004 0.123 0.092 0.051 0.001 0.004 0.088 0.030  0.7528
0.038 0.036 0.009 0.018 0.001 0.033 0.068 0.648 0.004 0.012 0.009 0.013 0.005 0.004 0.007 0.016 0.029 0.001 0.001 0.021 0.025  0.5134
0.084 0.015 0.059 0.069 0.001 0.041 0.074 0.030 0.013 0.054 0.027 0.038 0.011 0.007 0.033 0.107 0.211 0.003 0.006 0.088 0.027  0.8615
0.185 0.010 0.019 0.039 0.005 0.010 0.007 0.045 0.037 0.063 0.028 0.028 0.003 0.062 0.006 0.074 0.068 0.004 0.099 0.180 0.027  0.8399
0.037 0.071 0.044 0.033 0.002 0.056 0.050 0.009 0.021 0.042 0.038 0.057 0.016 0.006 0.017 0.078 0.303 0.005 0.010 0.080 0.027  0.8287
0.020 0.003 0.001 0.001 0.003 0.004 0.004 0.003 0.003 0.235 0.100 0.003 0.005 0.019 0.005 0.004 0.013 0.001 0.007 0.531 0.036  0.4917
0.033 0.043 0.031 0.006 0.007 0.027 0.041 0.017 0.005 0.048 0.016 0.046 0.014 0.009 0.003 0.124 0.434 0.003 0.011 0.048 0.035  0.7117
0.607 0.004 0.003 0.002 0.003 0.003 0.003 0.022 0.001 0.044 0.038 0.004 0.008 0.012 0.042 0.012 0.010 0.001 0.009 0.122 0.048  0.5144
0.048 0.055 0.016 0.012 0.009 0.060 0.039 0.009 0.013 0.018 0.027 0.080 0.020 0.013 0.004 0.191 0.261 0.007 0.014 0.038 0.063  0.8068
0.123 0.006 0.010 0.012 0.008 0.007 0.008 0.006 0.008 0.114 0.123 0.009 0.010 0.039 0.011 0.055 0.055 0.004 0.069 0.256 0.067  0.7862
0.090 0.022 0.144 0.125 0.001 0.027 0.058 0.185 0.005 0.012 0.027 0.020 0.006 0.002 0.027 0.070 0.053 0.006 0.009 0.031 0.080  0.8361
0.050 0.016 0.112 0.097 0.003 0.009 0.040 0.290 0.003 0.007 0.024 0.013 0.002 0.009 0.006 0.073 0.046 0.003 0.025 0.013 0.157  0.7594
0.036 0.014 0.070 0.025 0.001 0.050 0.024 0.071 0.013 0.020 0.017 0.058 0.016 0.001 0.013 0.073 0.061 0.008 0.004 0.053 0.371  0.7679
0.073 0.011 0.049 0.042 0.001 0.037 0.034 0.041 0.010 0.008 0.006 0.035 0.004 0.003 0.048 0.094 0.066 0.005 0.008 0.023 0.402  0.7335
0.045 0.005 0.020 0.012 0.001 0.057 0.017 0.026 0.006 0.026 0.043 0.013 0.003 0.018 0.019 0.056 0.031 0.001 0.001 0.041 0.559  0.6099
0.046 0.006 0.016 0.022 0.003 0.015 0.020 0.029 0.001 0.013 0.013 0.014 0.003 0.010 0.018 0.057 0.025 0.003 0.004 0.049 0.633  0.5360
0.026 0.007 0.019 0.010 0.001 0.028 0.009 0.033 0.005 0.011 0.023 0.012 0.008 0.009 0.010 0.053 0.031 0.001 0.007 0.065 0.632  0.5353
0.059 0.020 0.025 0.028 0.008 0.021 0.025 0.009 0.008 0.026 0.030 0.054 0.008 0.007 0.005 0.043 0.033 0.001 0.017 0.034 0.539  0.6448
0.070 0.007 0.018 0.020 0.007 0.024 0.007 0.009 0.005 0.009 0.010 0.012 0.009 0.037 0.020 0.105 0.072 0.001 0.001 0.006 0.549  0.5884
0.063 0.017 0.015 0.028 0.001 0.034 0.027 0.009 0.007 0.012 0.016 0.054 0.003 0.007 0.045 0.013 0.044 0.004 0.003 0.056 0.544  0.6220
0.035 0.015 0.036 0.031 0.002 0.030 0.030 0.007 0.003 0.007 0.008 0.031 0.001 0.001 0.046 0.066 0.105 0.001 0.004 0.018 0.522  0.6189
0.013 0.001 0.003 0.004 0.001 0.002 0.001 0.003 0.003 0.081 0.041 0.001 0.004 0.018 0.003 0.014 0.016 0.001 0.011 0.261 0.516  0.4938
0.021 0.014 0.038 0.011 0.003 0.013 0.054 0.007 0.005 0.019 0.011 0.022 0.006 0.007 0.003 0.051 0.173 0.006 0.001 0.022 0.513  0.5970
0.005 0.001 0.001 0.001 0.001 0.001 0.001 0.001 0.001 0.018 0.027 0.001 0.001 0.356 0.001 0.003 0.005 0.001 0.015 0.012 0.542  0.3830
0.019 0.005 0.008 0.008 0.001 0.003 0.011 0.003 0.002 0.087 0.017 0.010 0.007 0.010 0.001 0.010 0.064 0.001 0.011 0.094 0.628  0.4897
0.085 0.003 0.002 0.005 0.001 0.001 0.004 0.012 0.001 0.003 0.003 0.003 0.003 0.003 0.024 0.009 0.006 0.001 0.003 0.004 0.822  0.2727
